0 0.419140625 0.48463541666666665 0.49000000000000005 0.7966669999999999
0 0.0439453125 0.405208 0.08875 0.09416699999999996
0 0.109375 0.5115104166666667 0.220625 0.26416700000000004
0 0.10625 0.3680211666666667 0.064375 0.06833299999999998
0 0.1940625 0.4258330000000001 0.11124999999999999 0.251667
0 0.6701953125 0.353542 0.08937499999999998 0.09416599999999997
0 0.7181640625 0.35625033333333334 0.14312500000000006 0.105833
0 0.7883984375 0.33281283333333334 0.06062499999999993 0.05750000000000003
0 0.8865625 0.38869825 0.171875 0.16499999999999995
0 0.8438671875 0.32875 0.05312499999999998 0.06416700000000004
0 0.9690234375 0.3574475833333333 0.06062500000000004 0.14416700000000002
