1 0.009765625 0.5692346442166911 0.02 0.016884999999999956
1 0.0459375 0.3422176442166911 0.01625 0.015008999999999963
1 0.0945703125 0.6058196442166911 0.025624999999999995 0.015009000000000088
1 0.1015234375 0.8014677730600294 0.030625 0.019699999999999857
1 0.2246484375 0.6457457730600292 0.030625000000000013 0.0178230000000001
1 0.2447265625 0.8545269019033676 0.03437500000000002 0.021575999999999974
1 0.2794921875 0.4120475153733528 0.021875000000000033 0.014072000000000001
1 0.3515234375 0.6935877730600293 0.02937500000000004 0.01782399999999999
1 0.3488671875 0.4407166442166911 0.023125000000000007 0.015008999999999922
1 0.375078125 0.9235330307467057 0.03687499999999999 0.025328000000000045
1 0.4538671875 0.464168644216691 0.021875000000000033 0.015009000000000088
1 0.4916015625 0.7498727730600292 0.03375000000000006 0.017824000000000072
1 0.52140625 0.9771182884333822 0.040000000000000036 0.0309559999999999
1 0.5613671875 0.5007536442166911 0.02312499999999995 0.015009999999999976
1 0.633125 0.7967767730600293 0.03312499999999996 0.017824000000000072
1 0.668046875 0.5326486442166911 0.028124999999999956 0.015947999999999952
1 0.7971484375 0.5725747730600294 0.02937500000000004 0.017823000000000016
1 0.9491796875 0.9104000307467057 0.038124999999999964 0.024389999999999988
1 0.95625 0.6152006442166911 0.03187499999999999 0.015947000000000065
