1 0.0675390625 0.513177159590044 0.019375000000000003 0.027205000000000052
1 0.1075 0.6747125153733529 0.03125 0.014070999999999945
1 0.1899609375 0.4998156442166911 0.013749999999999984 0.01688599999999993
1 0.2707421875 0.5901001595900439 0.023125000000000007 0.02720499999999997
1 0.4265625 0.5266087730600293 0.015625 0.018760999999999993
1 0.45625 0.6962885153733529 0.03187499999999999 0.01313299999999997
1 0.47796875 0.6208286442166912 0.02437499999999998 0.01688599999999993
1 0.4934375 0.4994037730600293 0.016249999999999987 0.018761999999999963
1 0.6046875 0.4786515153733529 0.015625 0.014072000000000001
1 0.695703125 0.8741126442166911 0.036250000000000004 0.015946999999999982
1 0.7232421875 0.5942650307467057 0.022499999999999964 0.02345200000000001
1 0.7780859375 0.5752745153733528 0.01375000000000004 0.013134000000000024
1 0.8120703125 0.644281644216691 0.02562500000000001 0.01688500000000004
1 0.97609375 0.4337377730600293 0.024375000000000036 0.019700000000000023
