0 0.1511328125 0.48255250602409644 0.10437499999999998 0.11496899999999997
0 0.1575390625 0.49901293975903616 0.113125 0.06944400000000003
0 0.15242187499999998 0.6082159759036145 0.090625 0.1473769999999999
0 0.1972265625 0.44904821686746993 0.09625 0.07947499999999992
0 0.21921875 0.42397766265060244 0.11812500000000001 0.06018499999999994
0 0.55140625 0.5273614698795182 0.726875 0.233796
0 0.24046875 0.4025215662650603 0.05562499999999998 0.04783899999999992
0 0.5529296875 0.4570895060240964 0.6637500000000001 0.11342599999999999
0 0.5296093749999999 0.45921422891566266 0.575 0.10493899999999996
0 0.2605859375 0.3955361927710843 0.015000000000000013 0.025463000000000027
0 0.2862890625 0.39408783132530123 0.019374999999999976 0.02932099999999994
0 0.5138281250000001 0.4439440240963855 0.47312499999999996 0.054784000000000034
0 0.53125 0.4421032168674699 0.5 0.077932
0 0.566640625 0.460527578313253 0.55125 0.07253100000000003
0 0.29953125 0.3880637349397591 0.009374999999999967 0.016974999999999924
0 0.6025390625 0.42793030120481923 0.6125 0.06404300000000006
0 0.310078125 0.38710245783132524 0.005624999999999991 0.008487000000000026
0 0.399296875 0.382661734939759 0.02812500000000001 0.017746999999999992
0 0.4060546875 0.3828520120481928 0.03749999999999998 0.02700599999999995
0 0.4178515625 0.3892685542168675 0.03500000000000003 0.020832999999999973
0 0.443359375 0.3901341927710843 0.043125000000000024 0.025463000000000027
0 0.4603125 0.3765843734939759 0.016874999999999973 0.023920000000000035
0 0.48796875 0.3835283734939759 0.024999999999999967 0.023919999999999966
0 0.4996875 0.3850713734939759 0.016250000000000042 0.022376999999999973
0 0.5202734375 0.3816471927710844 0.030625000000000013 0.025463000000000027
0 0.54328125 0.3959147469879518 0.07124999999999992 0.04475300000000001
0 0.5548046875 0.3873863734939759 0.03874999999999995 0.022376999999999973
0 0.57421875 0.3634663734939759 0.025000000000000022 0.023919999999999966
0 0.5898046875 0.39408783132530123 0.03749999999999998 0.02932099999999994
0 0.622421875 0.3892685542168675 0.02749999999999997 0.020832999999999973
0 0.653046875 0.3892685542168675 0.028749999999999942 0.020832999999999973
0 0.6856640625 0.38824012048192774 0.050000000000000044 0.06712899999999998
0 0.6790234375 0.39408783132530123 0.02937499999999993 0.02932099999999994
0 0.710625 0.39711956626506023 0.06437500000000007 0.047068
0 0.7096875 0.44057310843373493 0.04874999999999996 0.04089500000000003
0 0.754453125 0.4090731204819277 0.06687500000000002 0.06712999999999998
0 0.8076171875 0.41301286746987953 0.08499999999999996 0.11034
0 0.8251171875 0.44290269879518074 0.11687500000000006 0.13811799999999994
0 0.86046875 0.453516421686747 0.08750000000000002 0.12885799999999992
0 0.8821875 0.48153696385542166 0.04749999999999999 0.12191399999999995
