0 0.13671824999999999 0.12004847291361641 0.19531300000000001 0.17095999999999997
0 0.14648387499999999 0.6045323440702782 0.215625 0.16979
0 0.15625 0.869170859443631 0.21953099999999998 0.1814990000000001
0 0.1478518125 0.363316859443631 0.199218 0.17915700000000007
0 0.374609375 0.1803436383601757 0.19999999999999996 0.106557
0 0.3876955625 0.3536486691068814 0.22109300000000004 0.131148
0 0.412109375 0.5916498286969253 0.19999999999999996 0.15573799999999993
0 0.3955075625 0.11945363836017571 0.15859399999999996 0.107728
0 0.4515625 0.8457558901903367 0.20390600000000003 0.20491800000000002
0 0.604296375 0.15019882869692533 0.16953200000000002 0.155737
0 0.634765125 0.3486786017569546 0.19218799999999991 0.17564400000000005
0 0.659765375 0.5682333440702781 0.16953200000000002 0.16978900000000002
0 0.690234375 0.8211658901903368 0.20000000000000007 0.20257600000000003
0 0.8419926875 0.3451656017569546 0.19531200000000004 0.17564399999999994
0 0.82109375 0.15136579795021962 0.149219 0.13349
0 0.88828125 0.5535920556368961 0.164844 0.140515
0 0.910546625 0.7924710863836018 0.17656299999999991 0.162763
