0 0.01953125 0.591458 0.039375 0.1583339999999999
0 0.0576171875 0.5782809166666667 0.116875 0.18583399999999992
0 0.102734375 0.5771354166666667 0.13687500000000002 0.17083299999999993
0 0.17171875 0.5460413333333333 0.1175 0.136667
0 0.25046875 0.5418225833333333 0.11750000000000002 0.11333399999999998
0 0.4256640625 0.650208 0.39312500000000006 0.22000000000000006
0 0.3052734375 0.5315625 0.09312499999999996 0.07916699999999999
0 0.35359375 0.52651075 0.08687500000000004 0.05666599999999996
0 0.5683203125 0.6397913333333333 0.18187500000000006 0.20000000000000004
0 0.622578125 0.6243746666666666 0.1925 0.179167
0 0.6370703125 0.6163538333333333 0.21437499999999998 0.15166700000000008
0 0.6902734375 0.5993753333333333 0.15499999999999992 0.13666599999999995
0 0.7169140625 0.6031774166666666 0.11187499999999995 0.13916600000000004
0 0.74671875 0.5884371666666667 0.11875000000000002 0.13083399999999998
0 0.773046875 0.6013020833333332 0.12124999999999997 0.12916700000000012
0 0.78796875 0.58994825 0.11875000000000002 0.10333299999999997
0 0.7878125 0.5823440833333332 0.10999999999999999 0.09750000000000007
0 0.810859375 0.5973434166666668 0.10562499999999997 0.13833399999999996
0 0.81875 0.5864059166666666 0.09437499999999999 0.0925000000000001
0 0.84359375 0.5861975833333334 0.08750000000000002 0.080834
0 0.8721484375 0.5730211666666666 0.09187499999999993 0.07000000000000006
